Historical population#Historical population#Historical population
Year#Pop.#±% p.a.
2011#18,816#—
1953#19,751#+0.97%
1961#18,368#−0.90%
1971#17,306#−0.59%
1981#14,196#−1.96%
1991#11,644#−1.96%
2002#9,931#−1.44%
1948#8,129#−2.20%
Source:#Source:#Source:
