Season#Series#Team#Races#Wins#Poles#F/Laps#Podiums#Points#Position
2014#French F4 Championship#N/A#9#0#0#0#0#0#NC†
2014#Italian F4 Championship#Cram Motorsport#3#0#0#0#0#9#2nd
2015#Formula Renault 2.0 NEC#ART Junior Team#16#2#1#2#4#218#4th
2015#Eurocup Formula Renault 2.0#ART Junior Team#7#0#0#0#0#0#NC†
2015#Formula Renault 2.0 Alps Series#Koiranen GP#4#0#0#0#0#0#NC†
2016#Eurocup Formula Renault 2.0#R-ace GP#15#1#3#5#8#188.5#3rd
2016#Formula Renault 2.0 NEC#R-ace GP#15#3#2#5#9#285#2nd
2017#Formula Renault Eurocup#R-ace GP#23#1#2#5#11#255#4th
2017#Formula Renault NEC#R-ace GP#3#0#0#1#2#0#NC†
2017#FIA Formula 3 European Championship#Van Amersfoort Racing#3#0#0#1#0#2#18th
2018#Formula Renault Eurocup#MP Motorsport#8#0#0#0#1#28#14th
2018#BRDC British Formula 3 Championship#Douglas Motorsport#4#0#0#0#0#32#23rd
2018-19#MRF Challenge Formula 2000#MRF Racing#15#3#3#6#9#20th#2nd
