Year#Artist(s)#Title#Label#Track(s)
1992#Lazy Susan#Twang#Silver Eye#"""Bored"""
1993#Eddie Vedder and Mike McCready with G. E. Smith#The 30th Anniversary Concert Celebration#Sony#"""Masters of War"" (live)"
1993#M.A.C.C. (Mike McCready, Jeff Ament, Matt Cameron, and Chris Cornell)#Stone Free: A Tribute to Jimi Hendrix#Reprise/WEA#"""Hey Baby (Land of the New Rising Sun)"""
2006#Neil Young#Mirror Ball#Reprise#All
1996#Goodness with Mike McCready (as Petster)#Schoolhouse Rock! Rocks#Rhino/WEA#"""Electricity, Electricity"""
1996#$10,000 Gold Chain (MariAnn Braeden of Green Apple Quick Step with Mike McCready)#The Cable Guy: Original Motion Picture Soundtrack#Sony#"""Oh! Sweet Nuthin'"""
1996#Screaming Trees#Dust#Epic#"""Dying Days"""
1997#Tuatara#Breaking the Ethers#Epic#"""The Getaway"""
1997#Mark Eitzel#West#Warner Bros.#"""Fresh Screwdriver"""
1997#The Minus 5#The Lonesome Death of Buck McCoy#Hollywood#Some
1997#Brad#Interiors#Sony#"""The Day Brings"""
1997#Eddie Vedder and Mike McCready#Tibetan Freedom Concert#Capitol#"""Yellow Ledbetter"" (live)"
1999#Goodness#These Days#Good-Ink#"""Catching Fireflies"""
2000#Stillwater#Almost Famous: Music from the Motion Picture#DreamWorks#"""Fever Dog"""
2001#Eddie Vedder and Mike McCready with Neil Young#America: A Tribute to Heroes#Interscope#"""Long Road"" (live)"
2002#The Wallflowers#Red Letter Days#Interscope#"""When You're on Top"", ""Everybody Out of the Water"", ""Too Late to Quit"", ""See You When I Get There"", and ""Everything I Need"""
2003#Mike McCready, Stone Gossard, Cole Peterson, and Chris Friel#Live from Nowhere Near You#Funkhead Music#"""Powerless"""
2004#Heart#Jupiters Darling#Sovereign#"""I'm Fine"""
2005#Screaming Trees#Ocean of Confusion: Songs of Screaming Trees 1989–1996#Epic#"""Dying Days"""
1995#Peter Frampton#Fingerprints#A&M#"""Black Hole Sun"" and ""Blowin' Smoke"""
2008#Kristen Ward#Drive Away#Mutt Moan Music#"""With You Again"""
2009#Dierks Bentley#Feel That Fire#Capitol Nashville#"""Life on the Run"""
2009#The Wallflowers#Collected: 1996–2005#Interscope#"""When You're on Top"""
2010#Mike McCready#Fringe#N/A#"""Northwest Passage"""
2011#Tres Mts.#Three Mountains#Monkeywrench#various
2012#Soundgarden#King Animal#Universal Republic#"""Eyelid's Mouth"""
2016#Nando Reis#Jardim-Pomar#Relicário#
