Year#Film#Role#Notes
1994#Ishq Mein Jeena Ishq Mein Marna#Sapna#Debut role in this 1994 Hindi Film
1995#maya#Bindiya#
1995#Veergati#Sandhya#
1996#Agni Sakshi#Urmi#
1996#Chhote Sarkar#Meena#
1996#Ram Aur Shyam (1996)#Sunaina#
1997#Raja Ki Aayegi Baraat#Sharda's Sister#
1997#Daava#Deepa#
1998#Gharwali Baharwali#Madhu#
1998#Iski Topi Uske Sarr#Milli#
1998#Bade Miyan Chote Miyan#Madhu#
1998#Train to Pakistan#Prostitute#
1999#Shaheed-E-Mohabbat#Zainab#Punjabi film
1999#Samar##Hindi / Urdu film
1999#Rajaji#Sonia#
1999#Tabaahi-The Destroyer##
2000#Basanti#Malati#Nepali film
2001#Kasoor#Ms Payal#Also dubbed for Lisa Ray
2002#Surakshaa##Nepali Film Special appearance
2002#Inth Ka Jawab Patthar#Kanchan#
2002#23rd March 1931: Shaheed#Durga Bhabhi#
2002#Sur: The Melody of Life#Rita D'Silva#
2002#Shakthi: The Power#Shekhar's sister#
2002#Zindagi Khoobsoorat Hai#Kitu#
2002#Game##Tamil film
2003#Pran Jaaye Par Shaan Na Jaaye#Dulari#
2003#Joggers' Park#Chatterjee's daughter#
2003#Baghban#Reena Malhotra#
2003#LOC: Kargil#Yadav's wife#
2004#Shobhayatra#Rani of Jhansi#
2004#Agnipankh#Nupur#
2004#Shaadi Ka Laddoo#Geetu#
2004#Veer-Zaara#Shabbo#Nominated—Filmfare Award for Best Supporting Actress
2004#Murder#Nargis#
2004#Des Hoyaa Pardes#Guddi#Punjabi film
2005#Dil Ke Pechey Pechey#Vidya#
2005#Naam Gum Jaayega#Divya#
2005#Netaji Subhas Chandra Bose: The Forgotten Hero#Ila Bose#
2005#Silsiilay#Diya Rao#
2005#Sanyogita- The Bride in Red#Sanyogita#
2005#Mr Ya Miss#Loveleen Kapoor#
2005#Dubai Return#Vaishali#
2005#Twinkle Twinkle Little Star#Police Officer#Malayalam film Delayed
2006#Darwaza Bandh Rakho#Chameli G. Kale#
2006#Waris Shah: Ishq Daa Waaris#Saboo#Punjabi film
2006#Umrao Jaan#Bismillah Jaan#
2007#Apne#Pooja B. Singh Choudhary#
2007#The Last Lear#Ivy#English film
2007#Aaja Nachle#Najma#
2008#U Me Aur Hum#Reena#
2008#Kahaani Gudiya Ki...: True Story of a Woman#Gudiya#
2008#Summer 2007#Dancer/Singer#
2008#Welcome to Sajjanpur#Vindhya#
2008#Oh, My God#Suman R. Dubey#
2009#Delhi-6#Jalebi#Nominated—Filmfare Award for Best Supporting Actress
2009#Mini Punjab#Shabbo#
2009#Morning Walk#Rita#
2009#Love Khichdi#Parminder Kaur#
2009#Paroksh#Gauri#
2010#Sukhmani: Hope for Life#Reshma#Punjabi film
2010#Malik Ek#Laxmi#
2010#Hisss#Maya Gupta#English/Hindi film
2010#Heart Land#Amrita#English film
2010#Hello Darling#Mrs. Hardik#
2011#Haat- The Weekly Bazaar#Sanja#
2011#Masti Express#Seema#
2011#Monica#Monica R. Jaitley#
2011#The Lion of Punjab##Punjabi film
2011#Stanley Ka Dabba#Rosy Miss#
2011#Chargesheet#Minnie Singh#
2011#Mummy Punjabi#Muniya#
2011#My Friend Pinto#Reshma Shergill#
2011#Chaloo Movie#Ms Urmila Undreskar#
2012#Dangerous Ishhq#Neetu/Chanda/Tawaif#
2012#Heroine#Pallavi Narayan#
2012#Overtime##
2013#Special 26#Shanti#
2013#Zila Ghaziabad#Mahenderi#
2013#Gippi#Pappi#
2013#Lootera#Shyama#
2013#Bhaag Milkha Bhaag#Ishri Kaur#Nominated—Filmfare Award for Best Supporting Actress
2014#Ragini MMS 2#Dr Meera Dutta#
2014#Manjunath#Anjali Mullati#
2015#Badlapur#Shobha#
2015#Chehere: A Modern Day Classic#Amanat#
2015#Promise Dad#Suzanne#
2016#Chalk n Duster#Kamini Gupta#
2016#Traffic#Maya Gupta#
2016#Irada#Ramadeep Braitch#National Film Award for Best Supporting Actress
2017#Babumoshai Bandookbaaz#Jiji#
2018#Blackmail#Dolly Verma#
2018#Fanney Khan#Kavita Sharma#
2018#Plus Minus##Short film with Bhuvan Bam
2019#Nastik#TBA#
