Party#Party#Ideology#Leader#Leader#Affiliation#Founded#Representation#Representation#2016 vote share
Party#Legislative Council (2016)#Ideology#Leader#District Councils (2015)#Affiliation#Founded#0#0#2016 vote share
#Democratic Alliance for the Betterment and Progress of Hong Kong (DAB) 民主建港協進聯盟#Chinese nationalism, Conservatism#-#Starry Lee#Pro-Beijing#1992#13 / 70#118 / 458#361,617 (16.7%)
#Business and Professionals Alliance for Hong Kong (BPA) (incl. Kowloon West New Dynamic) 香港經濟民生聯盟#Conservatism, Economic liberalism#-#Lo Wai-kwok#Pro-Beijing#2012#8 / 70#20 / 458#49,745 (2.3%)
#Democratic Party (DP) 民主黨#Social liberalism#-#Wu Chi-wai#Pro-democracy#1994#7 / 70#37 / 458#199,876 (9.2%)
#Hong Kong Federation of Trade Unions (FTU) 香港工會聯合會#Chinese nationalism, Conservative socialism#Ng Chau-pei (cropped).JPG#Ng Chau-pei#Pro-Beijing#1948#5 / 70#30 / 458#169,854 (7.8%)
#Civic Party (CP) 公民黨#Constitutionalism, Social liberalism#-#Alvin Yeung#Pro-democracy#2006#5 / 70#12 / 458#207,855 (9.6%)
#Liberal Party (LP) 自由黨#Conservatism, Economic liberalism#-#Felix Chung#Pro-Beijing#1993#4 / 70#8 / 458#21,500 (1.0%)
#New Territories Association of Societies (NTAS) 新界社團聯會#Chinese nationalism, Conservatism#-#Leung Che-cheung#Pro-Beijing#1985#3 / 70 (part of DAB)#5 / 458#N/A
#New People's Party (NPP) (incl. Civil Force) 新民黨#Conservatism#-#Regina Ip#Pro-Beijing#2011#2 / 70#18 / 458#167,589 (7.7%)
#Professional Commons (PC) 公共專業聯盟#Liberalism#-#Paul Zimmerman#Pro-democracy#2007#2 / 70#3 / 458#N/A
#HK First 香港本土#Liberalism, Localism, Populism#-#Gary Fan#pro-democracy#2013#2 / 70#1 / 458#N/A
#Neo Democrats 新民主同盟#Liberalism, Localism#-#Yam Kai-bong, Chow Yuen-wai, Lui Man-kwong#Pro-democracy#2010#1 / 70#12 / 458#31,595 (1.5%)
#Roundtable 實政圓桌#Conservatism#-#Michael Tien#Pro-Beijing#2017#1 / 70#7 / 458#N/A
#Labour Party 工黨#Environmentalism, Social democracy#-#Kwok Wing-kin#Pro-democracy#2011#1 / 70#3 / 458#101,860 (4.7%)
#Neighbourhood and Worker's Service Centre (NWSC) 街坊工友服務處#Liberalism, Social democracy#-#Lo Ngai-yin#Pro-democracy#1985#1 / 70#2 / 458#20,974 (1.0%)
#Federation of Hong Kong and Kowloon Labour Unions (FLU) 港九勞工社團聯會#Conservatism#-#Lam Chun-sing#Pro-Beijing#1984#1 / 70#1 / 458#N/A
#Civic Passion 熱血公民#Localism, Nativism, Populism#-#Cheng Chung-tai#N/A#2012#1 / 70#0 / 458#122,140 (5.6%)
#People Power (PP) 人民力量#Direct democracy, Populism, Radical democracy#-#Raymond Chan#Pro-democracy#2011#1 / 70#0 / 458#99,349 (4.6%)
#Hong Kong Professional Teachers' Union (PTU) 香港教育專業人員協會#Liberalism#-#Fung Wai-wah#Pro-democracy#1973#1 / 70#0 / 458#N/A
#New Century Forum (NCF) 新世紀論壇#Conservatism#-#Ma Fung-kwok#Pro-Beijing#1999#1 / 70#0 / 458#N/A
#New Territories Heung Yee Kuk (HYK) 新界鄉議局#Traditional conservatism#-#Kenneth Lau#Pro-Beijing#1926#1 / 70#27 / 458#N/A
#Hong Kong Association for Democracy and People's Livelihood (ADPL) 香港民主民生協進會#Liberalism, Social democracy#-#Sze Tak-loy#Pro-democracy#1986#0 / 70#12 / 458#33,255 (1.5%)
#Federation of Public Housing Estates (FPHE) 公屋聯會#Conservatism#-#Hau Shui-pui#Pro-Beijing#1985#0 / 70#2 / 458#N/A
#Concern Group for Tseung Kwan O People's Livelihood (CGPLTKO) 將軍澳民生關注組#Liberalism#-#Ricky Or#Pro-democracy#2000#0 / 70#2 / 458#N/A
#Democratic Alliance 民主陣線#Liberalism#Johnny Mak Ip-shing.JPG#Johnny Mak#Pro-democracy, Pro-Taiwan#2003#0 / 70#1 / 458#N/A
#Kowloon East Community 東九龍社區關注組#Localism#-#Chan Chak-to#N/A#2014#0 / 70#1 / 458#12,854 (0.6%)
#Shatin Community Network (STCN) 沙田社區網絡#Localism#-#Ventus Lau#N/A#2015#0 / 70#1 / 458#N/A
