Year#Film#Award#Competition
2003#Wild Berries#Best Screenplay#Mainichi Film Award
2004#Wild Berries#Best New Director#Yokohama Film Festival
2004#Wild Berries#Best New Director#13th Japanese Professional Movie Awards
2007#Sway#Best Screenplay Best Director Best Film#28th Yokohama Film Festival
2009#Dear Doctor#best director#31st Yokohama Film Festival
2009#Dear Doctor#Best Screenplay Best Film#Hochi Film Awards
