Historical population#Historical population#Historical population#Historical population
Census#Pop.##%±
1880#236##—
1890#432##83.1%
1900#318##3.7%
1910#504##12.5%
1920#323##−35.9%
1930#325##0.6%
1940#327##0.6%
1950#364##11.3%
1960#323##−11.3%
1970#376##16.4%
1980#388##3.2%
1990#339##−12.6%
2000#448##−6.2%
2010#286##−10.1%
Est. 2017#280##−2.1%
U.S. Decennial Census#U.S. Decennial Census#U.S. Decennial Census#U.S. Decennial Census
