NSR number#Built#First LMS number#Second LMS number#Withdrawn#Notes
84#December 1909#2359#8684#January 1930#
85#December 1909#2360#8682#May 1929#
88#December 1909#2361#8683#May 1928#
169#December 1909#2362#8681#November 1928#
