Year#Song#Peak chart positions#Peak chart positions#Peak chart positions#Peak chart positions#Peak chart positions#Peak chart positions#Peak chart positions#Peak chart positions#Peak chart positions#Peak chart positions#Peak chart positions#Peak chart positions#Peak chart positions#Peak chart positions#Album
Year#Song#US#US R&B#US Dance#AUS#AUT#CAN#GER#NLD#NOR#SWE#SWI#UK#IRE#NZ#Album
1978#"""Soft and Wet"""#92#12#—#—#—#—#—#—#—#—#—#—#—#—#For You
1978#"""Just as Long as We're Together"""#—#91#—#—#—#—#—#—#—#—#—#—#—#—#For You
1979#"""I Wanna Be Your Lover"""#11#1#2#—#—#62#—#—#—#—#—#41#—#3#Prince
cream#"""Why You Wanna Treat Me So Bad?"""#—#13#—#—#—#—#—#—#—#—#—#—#—#—#Prince
cream#"""Still Waiting"""#—#65#—#—#—#—#—#—#—#—#—#—#—#—#Prince
cream#"""Sexy Dancer"""#—#—#2#—#—#—#—#—#—#—#—#—#—#—#Prince
cream#"""Bambi"""#—#—#—#—#—#—#—#—#—#—#—#—#—#—#Prince
cream#"""Uptown"""#101#5#5#—#—#—#—#—#—#—#—#—#—#—#Dirty Mind
cream#"""Dirty Mind"""#—#65#5#—#—#—#—#—#—#—#—#—#—#—#Dirty Mind
cream#"""Head"" (limited release)"#—#—#5#—#—#—#—#—#—#—#—#—#—#—#Dirty Mind
1981#"""Do It All Night"" (UK only)"#—#—#—#—#—#—#—#—#—#—#—#—#—#—#Dirty Mind
1981#"""Gotta Stop (Messin' About)"" (UK only)"#—#—#—#—#—#—#—#—#—#—#—#—#—#—#Non-album single
1981#"""Controversy"""#70#3#1#15#—#—#—#28#—#—#—#—#—#—#Controversy
1981#"""Let's Work"""#104#9#1#—#—#—#—#—#—#—#—#—#—#—#Controversy
1982#"""Sexuality (song)"" (Germany & Australia only)"#—#—#—#88#—#—#—#—#—#—#—#—#—#—#Controversy
1982#"""Do Me, Baby"""#—#—#—#—#—#—#—#—#—#—#—#—#—#—#Controversy
1982#"""1999"""#12#4#1#2#—#6#75#14#—#—#—#2#21#4#1999
1983#"""Little Red Corvette"""#6#11#61#8#—#5#—#—#—#—#—#2#—#12#1999
1983#"""Delirious"""#8#18#—#—#—#27#—#—#—#—#—#—#—#33#1999
1983#"""Let's Pretend We're Married"""#52#55#52#—#—#—#—#—#—#—#—#—#—#—#1999
1983#"""Automatic"" (Australia only)"#—#—#—#—#—#—#—#—#—#—#—#—#—#—#1999
1984#"""When Doves Cry"""#1#1#1#1#19#1#16#6#10#18#17#4#2#2#Purple Rain
1984#"""Let's Go Crazy"""#1#1#1#10#—#2#—#11#—#—#—#7#—#13#Purple Rain
1984#"""Purple Rain"""#2#3#—#41#4#3#5#1#5#5#4#6#8#8#Purple Rain
1984#"""I Would Die 4 U"""#8#11#50#96#—#12#—#7#—#—#—#58#—#—#Purple Rain
1985#"""Take Me with U"""#25#40#—#—#—#—#—#—#—#—#—#7#—#—#Purple Rain
1985#"""Raspberry Beret"""#2#3#4#13#—#8#35#23#—#—#—#25#24#2#Around the World in a Day
1985#"""Paisley Park"" (Europe and Australia only)"#—#—#—#38#—#—#—#40#—#—#—#18#11#26#Around the World in a Day
1985#"""Pop Life"""#7#8#5#67#—#—#65#—#—#—#—#60#29#44#Around the World in a Day
1985#"""America"""#46#35#—#—#—#—#—#—#—#—#—#—#—#—#Around the World in a Day
1986#"""Kiss"""#1#1#1#2#8#4#4#3#10#16#3#6#11#2#Parade
1986#"""Mountains"""#23#15#11#45#—#—#32#16#—#—#—#45#15#37#Parade
1986#"""Anotherloverholenyohead"""#63#18#21#—#—#—#—#—#—#—#—#36#15#36#Parade
1986#"""Girls & Boys"" (Europe only)"#—#—#21#—#—#—#27#12#—#—#—#11#4#—#Parade
1987#"""Sign o' the Times"""#3#1#2#29#20#5#35#7#7#14#11#10#6#4#Sign o' the Times
1987#"""If I Was Your Girlfriend"""#67#12#—#—#—#—#—#17#—#—#15#20#8#48#Sign o' the Times
1987#"""U Got the Look"" (with Sheena Easton)"#2#11#—#90#23#22#61#11#—#—#—#11#9#8#Sign o' the Times
1987#"""I Could Never Take the Place of Your Man"""#10#14#4#—#—#33#—#30#—#—#—#29#10#9#Sign o' the Times
1988#"""Alphabet St."""#8#3#22#20#—#14#18#3#1#5#5#9#3#1#Lovesexy
1988#"""Glam Slam"""#—#44#—#—#—#—#33#9#—#—#—#29#11#12#Lovesexy
1988#"""I Wish U Heaven"""#—#18#—#—#—#—#53#20#—#—#—#24#9#24#Lovesexy
1989#"""Batdance"""#1#1#1#2#17#1#10#4#1#5#1#2#2#1#Batman
1989#"""Partyman"""#18#5#45#38#—#31#32#16#—#—#25#14#6#16#Batman
1989#"""The Arms of Orion"" (with Sheena Easton)"#36#—#—#—#—#—#—#13#—#—#—#27#5#44#Batman
1989#"""Scandalous!"" (limited release)"#—#5#—#95#17#—#—#21#—#—#—#—#—#—#Batman
1990#"""The Future"" (Europe only)"#—#—#—#—#—#—#39#9#—#—#15#—#—#—#Batman
1990#"""Thieves in the Temple"""#6#1#9#16#—#5#21#8#4#11#12#7#2#5#Graffiti Bridge
1990#"""New Power Generation"""#64#27#—#91#—#—#—#18#—#—#—#26#11#—#Graffiti Bridge
1991#"""Gett Off"""#21#6#1#8#9#25#13#3#7#13#3#4#3#13#Diamonds and Pearls
1991#"""Sexy Dancer"""#1#—#—#2#4#2#21#7#3#6#3#15#7#5#Diamonds and Pearls
1991#"""Insatiable"" (US only; limited release)"#77#3#—#—#—#—#—#—#—#—#—#—#—#—#Diamonds and Pearls
1991#"""Diamonds and Pearls"""#3#1#—#13#19#5#28#15#—#12#7#25#8#8#Diamonds and Pearls
1992#"""Money Don't Matter 2 Night"""#23#14#—#18#23#19#48#9#—#34#23#19#10#20#Diamonds and Pearls
1992#"""Thunder"" (Europe only)"#—#—#—#—#—#—#—#—#—#—#—#28#3#—#Diamonds and Pearls
1992#"""Sexy MF"""#66#76#—#5#6#11#11#4#5#13#8#4#5#6#Love Symbol Album
1992#"""My Name Is Prince"""#36#25#9#9#7#5#19#8#—#15#14#7#5#7#Love Symbol Album
1992#"""7"""#7#61#—#25#—#3#77#34#—#—#28#27#—#12#Love Symbol Album
1992#"""Damn U"" (US only; limited release)"#—#32#—#—#—#—#—#—#—#—#—#—#—#—#Love Symbol Album
1993#"""The Morning Papers"""#44#68#—#87#—#8#—#39#—#—#31#52#—#—#Love Symbol Album
1993#"""Pink Cashmere"""#50#14#—#87#—#7#—#—#—#—#—#—#—#—#The Hits/The B-Sides
1993#"""Peach"""#107#—#—#28#25#—#45#8#7#39#13#14#20#15#The Hits/The B-Sides
1993#"""Controversy"" (re-issue; UK only)"#—#—#—#—#—#—#—#—#—#—#—#5#—#—#The Hits/The B-Sides
1994#"""The Most Beautiful Girl in the World"""#3#2#—#1#5#6#9#1#4#13#1#1#4#1#The Gold Experience
1994#"""Letitgo"""#31#10#—#22#29#20#45#14#7#—#21#30#26#24#Come
1994#"""Space"" (limited release)"#—#—#—#91#—#—#—#—#—#—#—#—#—#—#Come
1995#"""Purple Medley"" (limited release)"#84#74#—#40#—#—#—#30#19#—#—#33#—#—#Non-album single
1995#"""I Hate U"""#12#3#—#33#—#25#62#18#—#—#31#20#—#22#The Gold Experience
1995#"""Gold"""#88#92#—#94#—#39#58#25#—#19#—#10#23#—#The Gold Experience
1996#"""Dinner with Delores"" (UK only)"#—#—#—#—#—#—#—#—#—#—#—#36#—#—#Chaos and Disorder
1996#"""Betcha by Golly Wow!"""#—#—#—#18#—#9#62#42#—#—#27#11#—#24#Emancipation
1997#"""The Holy River"""#—#—#—#—#—#31#92#63#—#—#—#19#—#—#Emancipation
1997#"""NYC"""#—#—#—#—#—#—#—#—#—#—#—#—#—#—#Non-album single
1997#"""The Truth"""#—#—#—#—#—#—#—#—#—#—#—#—#—#—#The Truth
1998#"""1999"" (re-issue)"#40#45#—#—#—#—#86#31#—#—#—#10#18#—#1999
1999#"""The Greatest Romance Ever Sold"""#63#23#—#—#—#—#79#71#—#—#—#65#—#—#Rave Un2 the Joy Fantastic
1999#"""1999: The New Master"" (1999 re-recording)"#—#—#—#47#—#—#—#—#—#—#—#40#—#—#1999: The New Master
2000#"""U Make My Sun Shine"" (with Angie Stone)"#—#108#—#—#—#—#—#—#—#—#—#—#—#—#The Chocolate Invasion
2000#"""When Will We B Paid?"" (with Audio Stepchild)"#—#Non-album single#0#0#0#0#0#0#0#0#0#0#0#0#0
2001#"""Supercute"""#—#—#—#—#—#—#—#—#—#—#—#—#—#—#The Chocolate Invasion
2001#"""The Work, pt. 1"""#—#—#—#—#—#—#—#—#—#—#—#—#—#—#The Rainbow Children
2002#"""Days of Wild"""#—#—#—#—#—#—#—#—#—#—#—#—#—#—#Non-album single
2004#"""Musicology"""#120#44#—#29#—#—#—#32#19#—#27#—#—#32#Musicology
2004#"""Cinnamon Girl"""#—#—#—#—#—#—#89#34#—#—#—#43#—#—#Musicology
2004#"""Controversy (Live in Hawaii)"""#—#—#—#—#—#—#—#—#—#—#—#—#—#—#Non-album single
2005#"""S.S.T."""#111#—#—#—#—#—#—#—#—#—#—#—#—#—#Non-album single
2005#"""Te Amo Corazón"""#—#67#—#—#61#7#58#—#11#37#24#—#—#—#3121
2006#"""Black Sweat"""#60#83#—#—#—#2#80#29#—#—#52#43#41#—#3121
2006#"""Fury"""#—#—#—#—#—#—#—#72#—#—#92#60#47#—#3121
2007#"""Guitar"""#—#—#—#—#—#—#—#13#29#—#63#81#—#—#Planet Earth
2007#"""F.U.N.K."" (download-only single)"#—#—#—#—#—#—#—#—#—#—#—#—#—#—#Non-album single
2009#"""Dance 4 Me"" (download-only single/EP)"#—#—#—#—#—#—#—#—#—#—#—#—#—#—#MPLSound
2011#"""Extraloveable"" (featuring Andy Allo) (download-only single)"#—#—#—#—#—#—#—#—#—#—#—#—#—#—#Hit n Run Phase Two
2012#"""Rock and Roll Love Affair"""#—#—#—#—#—#—#—#—#—#—#—#121#—#—#Hit n Run Phase Two
2013#"""Screwdriver"" (download-only single)"#—#—#—#—#—#—#—#—#—#—#—#—#—#—#Hit n Run Phase Two
2013#"""Fixurlifeup"" (download-only single)"#—#—#—#—#—#—#—#—#—#—#—#—#—#—#Plectrumelectrum
2013#"""Breakfast Can Wait"" (download-only single)"#—#—#—#—#—#—#—#—#—#—#—#—#—#—#Art Official Age
2014#"""Pretzelbodylogic"" (download-only single)"#—#—#—#—#—#—#—#—#—#—#—#90#—#—#Plectrumelectrum
2014#"""Fallinlove2nite"" (featuring Zooey Deschanel) (download-only single)"#—#—#—#—#—#—#—#—#—#—#—#113#—#—#Hit n Run Phase One
2014#"""Breakdown"" (download-only single)"#—#—#—#—#—#—#—#—#—#—#—#—#—#—#Art Official Age
2014#"""Clouds"" (download-only single)"#—#—#—#—#—#—#—#—#—#—#—#—#—#—#Art Official Age
2015#"""Baltimore"" (download-only single)"#—#—#—#—#—#—#—#—#—#—#—#—#—#—#Hit n Run Phase Two
2015#"""Hardrocklover"""#—#—#—#—#—#—#—#—#—#—#—#—#—#—#Hit n Run Phase One
2015#"""This Could B Us"" (download-only single)"#—#—#—#—#—#—#—#—#—#—#—#—#—#—#Hit n Run Phase One
2015#"""Free Urself"" (download-only single)"#—#—#—#—#—#—#—#—#—#—#—#—#—#—#Non-album single
2018#"""Nothing Compares 2 U"""#—#—#—#—#—#—#—#—#—#—#—#—#—#—#Non-album single
2018#"""Mary Don't You Weep"""#—#—#—#—#—#—#—#—#—#—#—#—#—#—#Piano & a Microphone
