Date#Title#Director
2001#Quo Vadis#Jerzy Kawalerowicz
2007#Katyń#Andrzej Wajda
2009#ZERO#lars von trier
2009#General Nil#Ryszard Bugajski
2009#Popiełuszko. Wolność jest w nas#Rafał Wieczyński
2009#Antichrist#Lars von Trier
2010#Essential Killing#Jerzy Skolimowski
2011#Melancholia#Paweł Borowski
2012#Mission Afghanistan#Maciej Dejczer
2013#Hiszpanka (work in progress)#Łukasz Barczyk
2017#Wonder Woman#Patty Jenkins
