Historical population#Historical population#Historical population#Historical population
Census#Pop.##%±
1870#124##—
1880#132##6.5%
1890#140##6.1%
1900#241##72.1%
1910#500##107.5%
1920#721##44.2%
1930#886##22.9%
1940#773##−12.8%
1950#391##−29.9%
1960#458##−15.5%
1970#477##4.1%
1980#562##17.8%
1990#445##−20.8%
2000#390##−12.4%
2010#542##0.3%
Est. 2014#381##−2.6%
U.S. Decennial Census#U.S. Decennial Census#U.S. Decennial Census#U.S. Decennial Census
