Opening#Opening#Title#Director#Cast#Production#Music Director
J A N#15#Karuppu Nila#R. Sundarrajan#Vijayakanth, Kushboo, Ranjitha#Ravuther Films#Deva
J A N#15#Engirundho Vandhan#Santhana Bharathi#Sivaji Ganesan, Sathyaraj, Roja, Aamani#V. S. R. Pictures#Viswanathan Ramamoorthy
J A N#15#Baashha#Suresh Krissna#Rajinikanth, Nagma#Sathya Movies#Deva
J A N#15#Kattumarakaran#P. Vasu#Prabhu, Eva Grover, Sanghavi#A. G. S. Movies#Ilaiyaraaja
J A N#15#Naan Petha Magane#V. Sekhar#Nizhalgal Ravi, Raadhika, Urvashi, Manorama#Manithalayam Productions#Chandrabose
J A N#15#Oru Oorla Oru Rajakumari#K. Bhagyaraj#K. Bhagyaraj, Meena#Indrani Movies#Ilaiyaraaja
J A N#15#Sathi Leelavathi#Balu Mahendra#Kamal Haasan, Ramesh Aravind, Kalpana, Heera, Kovai Sarala#Raaj Kamal Films International#Ilaiyaraaja
J A N#15#Veluchami#Arul#Sarath Kumar, Vineetha, Shruthi#Lakshmi Movie Makers#Deva
F E B#3#Gangai Karai Paattu#Manivannan#Varun Raj, Roopa Sri, Manivannan#Kokkintha Cine Arts#Deva
F E B#10#Mudhal Udhayam#Prithviraj#Arjun, Suman Ranganathan#Mother Cine Productions#Shankar Ganesh
F E B#10#Paattu Padava#B. R. Vijayalakshmi#S. P. Balasubrahmanyam, Rahman, Lavanya#Kiran Films#Ilaiyaraaja
F E B#10#Valli Vara Pora#S. V. Solai Raja#Pandiarajan, Mohana, Nirosha#Greenways Film International#K. S. Mani Oli
F E B#15#Raja Muthirai#R. K. Selvamani#Arun Pandian, Roja, Vineetha#Varshini Pictures#Ilaiyaraaja
F E B#17#Deva#S. A. Chandrasekhar#Vijay, Swathi#B. V. Combines#Deva
F E B#17#Kizhakku Malai#Ganesh Ramana#Anand, Suvarna Mathew#R. R. Film Units#Ganesh Ramana
F E B#24#Muthu Kaalai#Gokula Krishnan#Karthik, Soundarya#Sri R. K. Film Makers#Ilaiyaraaja
F E B#24#Thottil Kuzhandhai#S. P. Muthuraman#Ramki, Ranjitha#Meena Movies#Adithyan
M A R#3#Chinna Mani#M. Thilakarajan#Napoleon, Kasthuri#Shivashree Pictures#Deva
M A R#3#Kalyanam#R. Narayanan#Vishnu, Vinodhini#Sree Parthasarathy Perumal Pictures#Siva
M A R#3#Manathile Oru Paattu#Gnanamozhi#Vignesh, Saradha Preetha#Mozhi Movies#Ilayagangai
M A R#3#Puthiya Aatchi#Velu Prabhakaran#Anandaraj, Raadhika, Radha Ravi, Sarath Babu#Jayadevi Films#Premi, R. R. Shyam
M A R#10#Bombay#Mani Ratnam#Arvind Swamy, Manisha Koirala#Aalayam Productions#A. R. Rahman
M A R#10#Muthukulikka Vaariyala#K. S. Ravikumar#Vignesh, Kushboo, Sanghavi#Thirumoorthy Films#Soundaryan
M A R#10#Raja Enga Raja#T. Vijayasingaam#Goundamani, Ramya Krishnan#M. R. Movies#Ilaiyaraaja
M A R#10#Thondan#Karvannan#Murali, Rohini#R. K. Film Makers Circuit#Rajan Sarma
M A R#11#Aanazhagan#Thyagarajan#Prashanth, Suneha#Supreme Films International#Ilaiyaraaja
M A R#14#Dharmangal Sirikkinrana#A. Kasilingam#Ravichandran, Srividya#Pachai Nayagi Films#Sankar
M A R#15#Udhavum Karangal#Shanmuga Priyan#Raadhika, G. D. Ramesh, Anuja#Radhi Films#Adithyan
A P R#14#Coolie#P. Vasu#Sarath Kumar, Meena, Goundamani#Seventh Channel Communications#Suresh Peters
A P R#14#Ellame En Rasathan#Rajkiran#Rajkiran, Sangita, Roopa Sri#Red Sun Art Creations#Ilaiyaraaja
A P R#14#En Pondatti Nallava#Senthilnathan#Napoleon, Kushboo#Ramakrishna Movie Makers#Deva
A P R#14#Karnaa#Selva#Arjun, Ranjitha, Vineetha#Vijaya Madhavi Combines#Vidyasagar
A P R#14#Lucky Man#Prathap K. Pothan#Karthik, Sanghavi, Goundamani#Prashath Art Movies#Adithyan
A P R#14#Padikkara Vayasula#Jameen Raj#Pandiarajan, Kaveri#Valli Cine Arts#Sirpy
A P R#14#Pasumpon#Bharathiraja#Sivaji Ganesan, Sivakumar, Prabhu, Raadhika, Saranya Ponvannan, Vignesh#Ananthi Films#Vidyasagar
A P R#14#Thai Thangai Paasam#T. Rajendar#T. Rajendar, Sithara#Thanjai Cine Arts#T. Rajendar
M A Y#11#Chinna Vathiyar#Singeetham Srinivasa Rao#Prabhu, Kushboo, Ranjitha#Swathi Chithra International#Ilaiyaraaja
M A Y#11#Indira#Suhasini Maniratnam#Arvind Swamy, Anu Haasan, Nassar#G. V. Films#A. R. Rahman
M A Y#11#Nandhavana Theru#R. V. Udayakumar#Karthik, Srinidhi#Amma Creations#Ilaiyaraaja
M A Y#11#Thirumoorthy#Pavithran#Vijayakanth, Ravali#M. G. Pictures#Deva
M A Y#12#Chellakannu#N. Rathnam#Vignesh, Yuvarani#Poornima Shankar Enterprises#Deva
M A Y#14#Mogamul#Gnana Rajasekaran#Abhisek, Archana Joglekar#J. R. Film Circuit#Ilaiyaraaja
M A Y#19#Murai Maman#Sundar C.#Jayaram, Kushboo, Goundamani#Ganga Gowri Productions#Vidyasagar
J U N#9#Avatharam#Nassar#Nassar, Revathi#Kamalam Movies#Ilaiyaraaja
J U N#9#Sandhaikku Vandha Kili#M. S. Raja Annadurai#Sarathraj, Sivaranjani#Sri Raja Rajeshwari Film Corporation#Deva
J U N#23#Rani Maharani#Liquatali Khan#Raghuvaran, Raadhika#Evergreen Movies#Deva
J U N#23#Villadhi Villain#Sathyaraj#Sathyaraj, Nagma#Raj Films International#Vidyasagar
J U N#29#Thamizhachi#S. Asokan#Napoleon, Ranjitha, Revathi#K. P. S. Films International#Deva
J U L#7#Anbu Magan#Shanmuga Sundaram#Bharath Kumar, Sanghavi#Super Films#Deva
J U L#7#Anjathavan#D. Raymond#D. Raymond, Sophy Salmon#Haars Group#V. Nagesh
J U L#7#Marumagan#Manivasagam#Karthik, Meena#K. B. Films#Deva
J U L#7#Thedi Vandha Raasa#Bhoopathi Raja#Ramarajan, Kushboo#Theradhi Films#Ilaiyaraaja
J U L#14#Pullakuttikaran#R. Parthiepan#R. Parthiepan, Sangita, Urvashi#Ammu Movies#Deva
J U L#14#Witness#Thakkali Srinivasan#Nizhalgal Ravi, Gautami, Aamani#D. G. S. Media Symptoms#Prem, Seeni
J U L#21#Asuran#Velu Prabhakaran#Arun Pandian, Roja#Motherland Movies International#Adithyan
J U L#21#Gandhi Pirantha Mann#R. Sundarrajan#Vijayakanth, Revathi, Ravali#Tamil Annai Cine Creations#Deva
J U L#21#Paattu Vaathiyar#T. P. Gajendran#Ramesh Aravind, Ranjitha#Sree Navalady Creations#Ilaiyaraaja
J U L#28#Chakravarthy#M. Bhaskar#Karthik, Bhanupriya#Oscar Movies#Deva
A U G#5#Rajavin Parvaiyile#Janaki Soundar#Vijay, Indraja, Ajith Kumar#Sri Masani Amman Movies#Ilaiyaraaja
A U G#8#Aval Potta Kolam#K. Vijayan#Rajesh, Ambika#D. N. Combines#Chandrabose
A U G#12#Mayabazar#K. R.#Ramki, Urvashi, Suvarna Mathew#P. A. Art Productions#Ilaiyaraaja
A U G#17#Vishnu#S. A. Chandrasekhar#Vijay, Sanghavi#Oscar Movies#Deva
A U G#19#Nadodi Mannan#Manivasagam#Sarath Kumar, Meena#Raja Pushpa Pictures#Deva
A U G#24#Raasaiyya#P. Kannan#Prabhu Deva, Roja#Amma Creations#Ilaiyaraaja
S E P#1#Periya Kudumbam#K. S. Ravikumar#Prabhu, Kanaka, Vineetha#Ravi Shankar Films#Ilaiyaraaja
S E P#8#Aasai#Vasanth#Ajith Kumar, Suvalakshmi, Prakash Raj#Aalayam Productions#Deva
S E P#8#Mr. Madras#P. Vasu#Prabhu, Sukanya, Vineetha#Lakshmi Movie Makers#Vidyasagar
S E P#15#Kolangal#I. V. Sasi#Jayaram, Kushboo#Carolina Films#Ilaiyaraaja
S E P#15#Sindhu Bath#Balu Anand#Mansoor Ali Khan, Kasthuri, Sanghavi#Manithan Cine Arts#Deva
S E P#22#Mannukku Mariyadhai#T. R. Vijayan#Vignesh, Sanghavi#J. K. S. Films#Devadevan
S E P#22#Thaikulame Thaikulame#N. Murugesh#Pandiarajan, Vinaya Prasad, Urvashi#Ananth Cine Arts#Deva
S E P#23#Aakaya Pookal#Deenadayal#Napoleon, Kanaka#Vinothram International#Deva
O C T#6#Ilavarasi#Selva Vinayagam#Vijayakumar, Anju#Raghavendra Network#Deva
O C T#23#Chandralekha#Nambhiraaj#Vijay, Vanitha Vijayakumar, Sindhu#Shri Sairam Arts (P) Ltd.#Ilaiyaraaja
O C T#23#Kuruthipunal#P. C. Sreeram#Kamal Haasan, Arjun, Gouthami, Geetha#Raaj Kamal Films International#Mahesh Mahadevan
O C T#23#Makkal Aatchi#R. K. Selvamani#Mammootty, Roja, Ranjitha#Aarthi International#Ilaiyaraaja
O C T#23#Muthu#K. S. Ravikumar#Rajinikanth, Meena, Sarath Babu#Kavithalayaa Productions#A. R. Rahman
O C T#23#Neela Kuyil#Alleppey Ashraf#Pandiarajan, Rajashree#Annu Pictures#Manikka Vinayagam
O C T#23#Ragasiya Police#R. S. Ilavarasan#Sarath Kumar, Nagma#A. N. S. Film International#Laxmikant-Pyarelal
N O V#17#Maamanithan#Mardhananda#Napoleon, Vineetha#Nivedhitha Cine Arts#Soundaryan
N O V#24#Seethanam#R. Sundarrajan#Prabhu, Sangita, Ranjitha#Amma Creations#Deva
N O V#24#Ayudha Poojai#C. Sivakumar#Arjun, Urvashi, Roja#Bhagyam Cine Combines#Vidyasagar
D E C#1#Ilaya Raagam#P. R. Devaraj#Jothi Shankar, Kavitha#Pournami Film International#Ilaiyaraaja
D E C#2#Maaman Magal#Guru Dhanapal#Sathyaraj, Meena, Goundamani#A. G. S. Movies#Adithyan
D E C#14#Jameen Kottai#Ramchandar#Kalaipuli G. Sekaran, Seetha#Thiraiparavai#Sirpy
D E C#14#Varraar Sandiyar#N. K. Vishwanathan#Prem, Kushboo#Sree Rajakaliamman Cine Arts#Deva
D E C#15#Ilaimaikku Oru Etcharikkai#S. Manikandan#Bhaskaran, Poovitha#Sanjaykumar Films#Raj Bhaskar
D E C#15#Murai Mappillai#Sundar C.#Arunkumar, Kirthika#Anbalaya Films#Swaraj
D E C#15#Thotta Chinungi#K. S. Adhiyaman#Karthik, Revathi, Raghuvaran, Rohini, Nagendra Prasad, Devayani#Span Vision#Phil and Jerry
D E C#16#Mannai Thottu Kumbidanum#R. Umashankar#Selva, Keerthana#Sree Renukaambika Movies#Deva
D E C#21#Dear Son Maruthu#M. Solai Rajendran#Rahman, Sivakumar, Soundarya#Madhans Movie Creations#Deva
