Year#Artist#Album
2001#Tech N9ne#Anghellic
2002#Tech N9ne#Absolute Power
2004#Skatterman & Snug Brim#Urban Legendz
2004#Project: Deadman#Self Inflicted
2004#Kutt Calhoun#B.L.E.V.E.
2006#Tech N9ne#Everready (The Religion)
2007#Tech N9ne#Misery Loves Kompany
2008#Krizz Kaliko#Vitiligo
2008#Grave Plott#The Plott Thickens
2008#Prozak#Tales from the Sick
2008#Tech N9ne#Killer
2008#Skatterman & Snug Brim#Word on tha Streets
2008#Kutt Calhoun#Feature Presentation
2009#Tech N9ne#Sickology 101
2009#Krizz Kaliko#Genius
2009#Big Scoob#Monsterifik
2009#Tech N9ne#K.O.D.
2010#Brotha Lynch Hung#Dinner and a Movie
2010#Cognito#Automatic
2010#Kutt Calhoun#Raw and Un-Kutt
2010#Tech N9ne#The Gates Mixed Plate
2010#Krizz Kaliko#Shock Treatment
2011#Brotha Lynch Hung#Coathanga Strangla
2011#Big Scoob#Damn Fool
2011#Tech N9ne#All 6's and 7's
2011#Jay Rock#Follow Me Home
2011#Young Bleed#Preserved
2011#Tech N9ne#Welcome to Strangeland
2012#¡MAYDAY!#Take Me to Your Leader
2012#Prozak#Paranormal
2012#Krizz Kaliko#Kickin' & Screamin'
2012#Stevie Stone#Rollin' Stone
2013#Brotha Lynch Hung#Mannibalector
2013#Kutt Calhoun#Black Gold
2013#CES Cru#Constant Energy Struggles
2013#Rittz#The Life and Times of Jonny Valiant
2013#Wrekonize#The War Within
2013#¡MAYDAY!#Believers
2013#Tech N9ne#Something Else
2013#Stevie Stone#2 Birds 1 Stone
2013#Krizz Kaliko#Son of Sam
2013#Prozak#We All Fall Down
2014#Tech N9ne#Strangeulation
2014#¡MAYDAY! & MURS#¡MURSDAY!
2014#CES Cru#Codename: Ego Stripper
2014#Rittz#Next to Nothing
2015#Tech N9ne#Special Effects
2015#MURS#Have a Nice Life
2015#Stevie Stone#Malta Bend
2015#¡MAYDAY!#Future Vintage
2015#Prozak#Black Ink
2015#Tech N9ne#Strangeulation Vol. II
2016#Krizz Kaliko#GO
2016#Rittz#Top of the Line
2016#Bernz#See You on the Other Side
2016#Big Scoob#H.O.G.
2016#Tech N9ne#The Storm
2017#CES Cru#Catastrophic Event Specialists
2017#MURS#Captain California
2017#Tech N9ne Collabos#Dominion
2017#Wrekonize#Into the Further
2017#Stevie Stone#Level Up
2017#JL#DIBKIS
2017#¡MAYDAY!#Search Party
2017#Rittz#Last Call
2017#Tech N9ne Collabos#Strange Reign
2018#Tech N9ne#Planet
2018#MURS#A Strange Journey Into the Unimaginable
2018#Mackenzie Nicole#The Edge
2018#Stevie Stone & JL#Kontra-Band
2018#Joey Cool#Joey Cool
2018#Big Scoob#Duality
2018#¡MAYDAY!#South of 5th
2019#Tech N9ne#N9NA
