N°#Imam#Date#Appointed by#Notes
1#Abdolkarim Mousavi Ardebili#13 February 1981 – 24 December 1993#Ruhollah Khomeini#Imamate unofficially ended
2#Akbar Hashemi Rafsanjani#3 July 1981 – 17 July 2009#Ruhollah Khomeini#Imamate unofficially ended
3#Mohammed Emami-Kashani#30 October 1981 – present#Ruhollah Khomeini#
4#Mohammad Mahdi Rabbani Amlashi#11 December 1981 – ?#Ruhollah Khomeini#He was Imam 3 times
5#Mohammad Yazdi#1982 – late 1990s#Ruhollah Khomeini#Resigned
6#Mohammad-Reza Mahdavi Kani#11 March 1983 – 19 June 2009#Ruhollah Khomeini#He was Imam 12 times
7#Ahmad Jannati#3 April 1992 – 11 March 2018#Ali Khamenei#Resigned
8#Hassan Taheri Khorramabadi#?#Ali Khamenei#He was Imam 9 times
9#Ahmad Khatami#18 December 2005 – present#Ali Khamenei#
10#Kazem Seddiqi#1 August 2009 – present#Ali Khamenei#
11#Ali Movahedi-Kermani#2 December 2012 – present#Ali Khamenei#
12#Mohammad-Hassan Aboutorabi Fard#14 February 2018 – present#Ali Khamenei#
13#Mohammad-Javad Haj Ali Akbari#31 December 2018 – present#Ali Khamenei#
