Year#Project#Role#Notes#Ref.
2010–2012#One Life to Live#Nate Salinger#Contract#
2013#Law & Order: Special Victims Unit#Travis Holmes#"Episode: ""Girl Dishonored"" (Season 14)"#
2013#Blue Bloods#Joe Ferraro#2 episodes#
2014–2015#How to Get Away with Murder#Griffin O'Reilly#5 episodes#
2015#Gotham#Luke Garrett#2 episodes#
2016#Quantico#Drew Perales#Recurring#
2018#Perfect Citizen#Felix#Unsold television pilot#
