Year#Title#Role#Notes
1951#The Company She Keeps#Infant#Uncredited
1970#Halls of Anger#Douglas “Doug”#
1971#The Last Picture Show#Duane Jackson#Nominated — Academy Award for Best Supporting Actor
1971#The Yin and the Yang of Mr. Go#Nero Finnighan#
1972#Fat City#Ernie Munger#
1972#Bad Company#Jake Rumsey#
1973#Lolly-Madonna XXX#Zack Feather#
1973#The Last American Hero#Elroy Jackson, Jr.#
1973#The Iceman Cometh#Don Parritt#
1974#Thunderbolt and Lightfoot#Lightfoot#Nominated — Academy Award for Best Supporting Actor
1975#Rancho Deluxe#Jack McKee#
1975#Hearts of the West#Lewis Tater#
1976#Stay Hungry#Craig Blake#
1976#King Kong#Jack Prescott#
1978#Somebody Killed Her Husband#Jerry Green#
1979#Winter Kills#Nick Kegan#
1979#The American Success Company#Harry Flowers#
1980#Heaven's Gate#John L. Bridges#
1981#Cutter's Way#Richard Bone#
1982#Tron#Kevin Flynn / CLU#
1982#Kiss Me Goodbye#Dr. Rupert Baines#
1982#The Last Unicorn#Prince Lír (voice)#
1984#Against All Odds#Terry Brogan#
1984#Starman#Scott Hayden / Starman#Nominated — Academy Award for Best Actor
1985#Jagged Edge#Jack Forrester#
1986#8 Million Ways to Die#"Matthew ""Matt"" Scudder"#
1986#The Morning After#Turner Kendall#
1987#Nadine#Vernon Hightower#
1988#Tucker: The Man and His Dream#Preston Tucker#
1989#See You in the Morning#Larry Livingstone#
1989#The Fabulous Baker Boys#Jack Baker#
1990#Texasville#Duane Jackson#
1991#The Fisher King#Jack Lucas#
1992#American Heart#Jack Kelson#Also producer
1993#The Vanishing#Barney Cousins#
1993#Fearless#Max Klein#
1994#Blown Away#Jimmy Dove / Liam McGivney#
1995#Wild Bill#"James Butler ""Wild Bill"" Hickok"#
1996#White Squall#"Captain Christopher ""Skipper"" Sheldon"#
1996#The Mirror Has Two Faces#Gregory Larkin#
1998#The Big Lebowski#"Jeffrey ""The Dude"" Lebowski"#
1999#Arlington Road#Michael Faraday#
1999#The Muse#Jack Warrick#
1999#Simpatico#Lyle Carter#
2000#The Contender#President Jackson Evans#Nominated — Academy Award for Best Supporting Actor
2001#Scenes of the Crime#Jimmy Berg#
2001#K-PAX#Dr. Mark Powell#
2002#Lost in La Mancha#Narrator (voice)#Documentary
2003#Masked and Anonymous#Tom Friend#
2003#Seabiscuit#Charles S. Howard#
2004#The Door in the Floor#Ted Cole#
2005#The Amateurs#Andy#
2005#Tideland#Noah#
2006#Stick It#Burt Vickerman#
2007#Surf's Up#Ezekiel 'Big Z' Topanga / Geek (voice)#
2008#Iron Man#Obadiah Stane / Iron Monger#
2008#How to Lose Friends & Alienate People#Clayton Harding#
2009#The Open Road#Kyle#
2009#Crazy Heart#"Otis ""Bad"" Blake"#Also executive producer Academy Award for Best Actor
2009#The Men Who Stare at Goats#Bill Django#
2010#Tron: Legacy#Kevin Flynn / CLU 2#
2010#True Grit#"Reuben J. ""Rooster"" Cogburn"#Nominated — Academy Award for Best Actor
2012#A Place at the Table#Narrator#Documentary
2013#R.I.P.D.#"Roycephus ""Roy"" Pulsipher"#
2013#Pablo#Narrator / Professor#
2014#The Giver#The Giver#Also producer
2014#Seventh Son#Master Gregory#
2015#The Little Prince#The Aviator (voice)#
2016#Hell or High Water#Marcus Hamilton#Nominated — Academy Award for Best Supporting Actor
2017#Dream Big#Narrator (voice)#Documentary
2017#The Only Living Boy in New York#W.F. Gerald#Also executive producer
2017#Kingsman: The Golden Circle#"Champagne ""Champ"""#
2017#Only the Brave#Duane Steinbrink#
2018#Bad Times at the El Royale#"Father Daniel Flynn / Donald ""Dock"" O'Reilly"#
2018#Living in the Future's Past#Narrator (voice)#Documentary; Also producer
