Chart (1997)#Peak position
Billboard 200#194
Billboard Top R&B/Hip-Hop Albums#49
Billboard Top Heatseekers#14
